Citrullus_nad4L	watermelon	100.000	100	0	0	3	302	366430	366131	4.39e-70	254
Citrullus_nad4L	watermelon	100.000	72	0	0	216	1	366217	366432	1.29e-48	177
Citrullus_nad4L	watermelon	100.000	10	0	0	303	274	366130	366159	1.29e-48	26.3
Citrullus_nad4L	watermelon	100.000	59	0	0	301	125	366132	366308	1.99e-46	136
Citrullus_nad4L	watermelon	100.000	28	0	0	85	2	366348	366431	1.99e-46	59.7
Citrullus_nad4L	watermelon	100.000	71	0	0	91	303	366342	366130	5.26e-34	123
Citrullus_nad4L	watermelon	100.000	11	0	0	1	33	366432	366400	5.26e-34	30.4
Citrullus_nad4L	watermelon	100.000	63	0	0	302	114	366131	366319	4.18e-29	105
Citrullus_nad4L	watermelon	100.000	13	0	0	41	3	366392	366430	4.18e-29	31.8
Citrullus_nad4L	watermelon	100.000	29	0	0	128	214	366305	366219	3.21e-18	82.2
Citrullus_nad4L	watermelon	43.750	16	9	0	198	245	354954	354907	0.11	27.2
Citrullus_nad4L	watermelon	40.000	15	9	0	170	214	307576	307532	0.56	24.9
Citrullus_nad4L	watermelon	23.077	26	20	0	174	251	3804	3881	2.7	22.6
Citrullus_nad4L	watermelon	88.889	9	1	0	159	133	228625	228651	3.8	22.1
Citrullus_nad4L	watermelon	85.714	7	1	0	255	275	89909	89929	5.2	21.7
Citrullus_nad4L	watermelon	46.667	15	8	0	18	62	207220	207264	5.2	21.7
Citrullus_nad4L	watermelon	50.000	18	9	0	210	263	94295	94242	7.1	21.2
Citrullus_nad4L	watermelon	60.000	10	4	0	219	248	367480	367509	7.1	21.2
Citrullus_nad4L	watermelon	42.308	26	15	0	21	98	24320	24397	9.8	20.8
Citrullus_nad4L	watermelon	36.842	19	12	0	220	164	78176	78232	9.8	20.8
Citrullus_nad4L	watermelon	66.667	12	4	0	287	252	204122	204087	9.8	20.8
Citrullus_nad4L	watermelon	42.105	19	11	0	204	260	178878	178934	9.8	20.8
Citrullus_nad4L	watermelon	100.000	6	0	0	219	236	184569	184586	9.8	20.8
Citrullus_nad4L	watermelon	60.000	10	4	0	36	65	184359	184330	9.8	20.8
Citrullus_nad4L	watermelon	33.333	24	16	0	220	149	222250	222321	9.8	20.8
Citrullus_nad4L	watermelon	46.667	15	8	0	155	199	40271	40227	9.8	20.8
Citrullus_nad4L	watermelon	100.000	6	0	0	219	236	22286	22269	9.8	20.8
Citrullus_nad4L	watermelon	57.143	14	6	0	178	219	15074	15033	9.8	20.8
